

%% CMC


maxCMC_PD_res    =  [0.0817    0.0794    0.1418];
maxCMCmax_PD_scr =  [0.0538    0.0741    0.0750];
    
maxCMC_ctrl_res  =  [0.1357    0.1670    0.1651];
maxCMC_ctrl_scr  =  [0.0643    0.0666    0.0788];

% Only DBS & MED

maxCMC_PD_res    =  [0.0817   0.1418];
maxCMCmax_PD_scr =  [0.0538   0.0750];
    
maxCMC_ctrl_res  =  [0.1357   0.1651];
maxCMC_ctrl_scr  =  [0.0643   0.0788];




    
%%

maxCMC_PD_hann_res =

    0.2608    0.2961    0.3007


maxCMC_ctrl_hann_res =

    0.2980    0.3148    0.3162